chrom	start	end	size	sample
chr01	1000000	5750000	4750000	2x_LOP868_398
chr01	6000000	9250000	3250000	2x_LOP868_398
chr01	20250000	21000000	750000	2x_LOP868_398
chr01	23250000	24250000	1000000	2x_LOP868_398
chr01	24250000	26000000	1750000	2x_LOP868_488
chr01	43000000	43750000	750000	2x_LOP868_398
chr01	52750000	53500000	750000	2x_LOP868_398
chr01	54000000	56000000	2000000	2x_LOP868_398
chr01	67000000	68250000	1250000	2x_LOP868_292
chr01	67000000	68250000	1250000	2x_LOP868_460
chr04	13000000	14000000	1000000	2x_LOP868_272
chr08	49000000	49750000	750000	2x_LOP868_480
chr09	32750000	33500000	750000	2x_LOP868_493
chr09	40000000	41000000	1000000	2x_LOP868_493
chr09	40250000	41000000	750000	2x_LOP868_045
chr09	40250000	41000000	750000	2x_LOP868_062
chr09	40250000	41000000	750000	2x_LOP868_435
chr09	40250000	41000000	750000	2x_LOP868_499
